欧拉角转换向量
0.693047,0.44539,0.390276
欧拉角转换向量
-nan(ind),-nan(ind),-nan(ind)
欧拉角转换矩阵
-0.060712,0.361964,0.930213,0,0.915927,-0.350204,0.196051,0,0.396727,0.863909,-0.310271,0,0,0,0,1
矩阵转换欧拉角
10.9885,63.7087,113.32
矩阵转换四元数
0.639399,0.538574,0.29056,-0.465491
四元数转换矩阵
0.405136,0.282829,0.869409,0,-0.778908,0.604701,0.166247,0,-0.478713,-0.744543,0.465284,0,0,0,0,1
矩阵正交化
-0.674231,0.200392,0.710813,0,-0.616459,-0.682722,-0.392261,0,0.406682,-0.702662,0.583846,0,0,0,0,1
欧拉角标准化
140.399,-84.07,-114.84
四元数单位化
0.369601,0.563508,-0.618891,-0.40352
四元数相乘
-0.202375,-0.964362,-0.108706,0.131274
四元数求差
-0.635175,1.19365,-0.319188,1.1682
四元数点乘
-0.203422
四元数求逆
-0.0586631,-0.0355829,-0.0280034,0.0270124
四元数求角度和旋转轴
1.99913	0.676038,-0.664041,-0.319409
四元数插值
-0.140514,0.433044,0.882881,0.115106
